
The arrived list: ((G90 (88 18 95 75 39 9 98 13 82 35 56 53 38 90 73) 99) (G89 (
67 64 22 72 28 40 74 45 46 75 12 91 51 9 53) 96) (G88 (99 26 15 44 19 7 67 62 24
60 18 12 63 80 56) 93) (G87 (43 69 83 36 34 63 44 10 17 68 96 67 79 9 83) 90) (
G86 (94 75 7 21 14 72 78 73 56 78 23 20 79 32 64) 87) (G85 (9 16 76 23 58 77 15 
73 67 21 33 13 79 89 48) 84) (G84 (94 69 92 99 82 50 30 85 57 37 85 14 33 49 41)
81) (G83 (93 95 50 23 24 19 98 27 43 42 76 52 18 40 76) 78) (G82 (78 23 23 26 49
76 21 59 34 26 3 74 15 80 84) 75) (G81 (46 54 29 94 19 33 33 27 47 84 31 69 9 83
63) 72) (G80 (68 4 72 35 87 68 66 65 15 84 75 3 75 54 56) 69) (G79 (39 91 12 78 
48 27 89 53 10 82 10 35 43 97 22) 66) (G78 (18 15 18 24 18 88 50 78 88 32 17 12 
92 90 56) 63) (G77 (48 74 10 46 36 0 20 30 19 5 69 60 74 39 28) 60) (G76 (49 59 
11 84 96 67 61 28 82 28 8 63 4 56 30) 57) (G75 (3 66 14 93 0 25 85 26 46 60 69 
20 93 72 20) 54) (G74 (45 21 22 70 73 38 24 99 91 10 84 3 18 97 31) 51) (G73 (36
10 75 53 14 79 46 36 24 98 70 4 93 73 45) 48) (G72 (94 96 13 1 39 23 25 52 71 57
25 2 78 7 21) 45) (G71 (11 77 37 42 0 20 68 24 78 37 95 41 82 43 4) 42) (G70 (75
47 59 53 70 36 73 21 1 90 34 86 49 98 76) 39) (G69 (78 15 63 12 4 1 47 20 14 54 
68 37 62 80 52) 36) (G68 (98 39 70 16 61 60 60 99 0 89 91 26 94 41 44) 33) (G67 
(34 69 22 61 15 21 58 13 87 66 8 9 67 70 98) 30) (G66 (32 22 30 96 47 64 28 12 2
49 77 15 68 91 86) 27) (G65 (15 72 0 37 76 24 91 6 3 9 96 3 64 18 28) 24) (G64 (
51 19 42 18 12 72 72 85 33 94 47 13 74 56 46) 21) (G63 (17 42 96 25 76 76 23 31 
70 26 4 37 31 63 68) 18) (G62 (41 8 95 37 50 45 57 79 83 64 74 0 94 76 95) 15) (
G61 (15 21 27 6 84 29 20 92 98 69 39 77 23 19 46) 12) (G60 (45 50 80 0 98 80 26 
62 16 67 99 45 41 6 6) 9) (G59 (72 67 21 42 33 11 13 49 4 94 95 31 17 4 70) 6) (
G58 (49 58 27 10 53 62 6 20 65 9 14 13 96 91 28) 3) (G57 (26 19 51 82 1 10 79 87
41 15 29 75 75 57 23) 0))
The solved list:  ((G88 (99 27 15 45 19 7 67 63 25 61 19 13 63 81 57)) (G87 (43 
69 83 37 35 63 45 11 17 69 97 67 79 9 83)) (G86 (95 75 7 21 15 73 79 73 57 79 23
21 79 33 65)) (G85 (9 17 77 23 59 77 15 73 67 21 33 13 79 89 49)) (G84 (95 69 93
99 83 51 31 85 57 37 85 15 33 49 41)) (G83 (93 95 51 23 25 19 99 27 43 43 77 53 
19 41 77)) (G82 (79 23 23 27 49 77 21 59 35 27 3 75 15 81 85)) (G81 (47 55 29 95
19 33 33 27 47 85 31 69 9 83 63)) (G80 (69 5 73 35 87 69 67 65 15 85 75 3 75 55 
57)) (G79 (39 91 13 79 49 27 89 53 11 83 11 35 43 97 23)) (G78 (19 15 19 25 19 
89 51 79 89 33 17 13 93 91 57)) (G77 (49 75 11 47 37 1 21 31 19 5 69 61 75 39 29
)) (G76 (49 59 11 85 97 67 61 29 83 29 9 63 5 57 31)) (G75 (3 67 15 93 1 25 85 
27 47 61 69 21 93 73 21)) (G74 (45 21 23 71 73 39 25 99 91 11 85 3 19 97 31)) (
G73 (37 11 75 53 15 79 47 37 25 99 71 5 93 73 45)) (G72 (95 97 13 1 39 23 25 53 
71 57 25 3 79 7 21)) (G71 (11 77 37 43 1 21 69 25 79 37 95 41 83 43 5)) (G70 (75
47 59 53 71 37 73 21 1 91 35 87 49 99 77)) (G69 (79 15 63 13 5 1 47 21 15 55 69 
37 63 81 53)) (G68 (99 39 71 17 61 61 61 99 1 89 91 27 95 41 45)) (G67 (35 69 23
61 15 21 59 13 87 67 9 9 67 71 99)) (G66 (33 23 31 97 47 65 29 13 3 49 77 15 69 
91 87)) (G65 (15 73 1 37 77 25 91 7 3 9 97 3 65 19 29)) (G64 (51 19 43 19 13 73 
73 85 33 95 47 13 75 57 47)) (G63 (17 43 97 25 77 77 23 31 71 27 5 37 31 63 69))
(G62 (41 9 95 37 51 45 57 79 83 65 75 1 95 77 95)) (G61 (15 21 27 7 85 29 21 93 
99 69 39 77 23 19 47)) (G60 (45 51 81 1 99 81 27 63 17 67 99 45 41 7 7)) (G59 (
73 67 21 43 33 11 13 49 5 95 95 31 17 5 71)) (G58 (49 59 27 11 53 63 7 21 65 9 
15 13 97 91 29)) (G57 (27 19 51 83 1 11 79 87 41 15 29 75 75 57 23)))
Avg. turnaround time: 6
ThruPut: 0.333333333333333
