
The arrived list: ((G41 (46 54 29 94 19 33 33 27 47 84 31 69 9 83 63) 99) (G40 (
68 4 72 35 87 68 66 65 15 84 75 3 75 54 56) 96) (G39 (39 91 12 78 48 27 89 53 10
82 10 35 43 97 22) 93) (G38 (18 15 18 24 18 88 50 78 88 32 17 12 92 90 56) 90) (
G37 (48 74 10 46 36 0 20 30 19 5 69 60 74 39 28) 87) (G36 (49 59 11 84 96 67 61 
28 82 28 8 63 4 56 30) 84) (G35 (3 66 14 93 0 25 85 26 46 60 69 20 93 72 20) 81)
(G34 (45 21 22 70 73 38 24 99 91 10 84 3 18 97 31) 78) (G33 (36 10 75 53 14 79 
46 36 24 98 70 4 93 73 45) 75) (G32 (94 96 13 1 39 23 25 52 71 57 25 2 78 7 21) 
72) (G31 (11 77 37 42 0 20 68 24 78 37 95 41 82 43 4) 69) (G30 (75 47 59 53 70 
36 73 21 1 90 34 86 49 98 76) 66) (G29 (78 15 63 12 4 1 47 20 14 54 68 37 62 80 
52) 63) (G28 (98 39 70 16 61 60 60 99 0 89 91 26 94 41 44) 60) (G27 (34 69 22 61
15 21 58 13 87 66 8 9 67 70 98) 57) (G26 (32 22 30 96 47 64 28 12 2 49 77 15 68 
91 86) 54) (G25 (15 72 0 37 76 24 91 6 3 9 96 3 64 18 28) 51) (G24 (51 19 42 18 
12 72 72 85 33 94 47 13 74 56 46) 48) (G23 (17 42 96 25 76 76 23 31 70 26 4 37 
31 63 68) 45) (G22 (41 8 95 37 50 45 57 79 83 64 74 0 94 76 95) 42) (G21 (15 21 
27 6 84 29 20 92 98 69 39 77 23 19 46) 39) (G20 (45 50 80 0 98 80 26 62 16 67 99
45 41 6 6) 36) (G19 (72 67 21 42 33 11 13 49 4 94 95 31 17 4 70) 33) (G18 (49 58
27 10 53 62 6 20 65 9 14 13 96 91 28) 30) (G17 (26 19 51 82 1 10 79 87 41 15 29 
75 75 57 23) 27) (G16 (53 40 94 56 53 50 65 43 50 28 11 22 3 23 3) 24) (G15 (29 
59 2 78 14 93 94 12 95 19 61 3 1 44 92) 21) (G14 (8 92 63 53 43 75 29 36 86 11 2
79 68 82 1) 18) (G13 (0 39 35 30 93 27 22 47 41 26 30 21 7 89 19) 15) (G12 (47 
69 10 13 95 49 80 53 19 33 66 73 54 6 84) 12) (G11 (2 82 92 17 6 96 6 63 56 73 9
7 94 82 45) 9) (G10 (81 65 10 51 92 51 88 9 81 24 82 82 52 4 37) 6) (G9 (96 40 
37 66 8 84 36 94 50 54 28 97 89 73 27) 3) (G8 (46 79 94 75 49 75 19 86 41 80 35 
14 17 60 82) 0))
The solved list:  ((G38 (19 15 19 25 19 89 51 79 89 33 17 13 93 91 57)) (G35 (3 
67 15 93 1 25 85 27 47 61 69 21 93 73 21)) (G32 (95 97 13 1 39 23 25 53 71 57 25
3 79 7 21)) (G29 (79 15 63 13 5 1 47 21 15 55 69 37 63 81 53)) (G26 (33 23 31 97
47 65 29 13 3 49 77 15 69 91 87)) (G23 (17 43 97 25 77 77 23 31 71 27 5 37 31 63
69)) (G20 (45 51 81 1 99 81 27 63 17 67 99 45 41 7 7)) (G17 (27 19 51 83 1 11 79
87 41 15 29 75 75 57 23)) (G14 (9 93 63 53 43 75 29 37 87 11 3 79 69 83 1)) (G11
(3 83 93 17 7 97 7 63 57 73 9 7 95 83 45)) (G8 (47 79 95 75 49 75 19 87 41 81 35
15 17 61 83)))
Avg. turnaround time: 8
ThruPut: 0.10989010989011
