
The arrived list: ((G408 (26 32 67 76 58 22 6 20 32 50 82 39 86 43 70) 99) (G407
(87 96 98 12 3 1 59 23 40 21 99 4 18 59 92) 96) (G406 (28 35 88 18 12 53 50 14 
15 57 79 93 16 2 25) 93) (G405 (57 23 71 40 87 33 37 74 81 87 70 8 8 32 40) 90) 
(G404 (8 50 11 52 59 84 26 32 16 74 97 10 6 41 43) 87) (G403 (90 85 20 23 35 67 
80 64 62 66 97 54 16 78 83) 84) (G402 (7 85 54 12 4 92 10 67 14 85 64 21 98 98 
24) 81) (G401 (53 47 67 7 31 63 68 59 7 3 93 17 32 59 55) 78) (G400 (8 11 70 4 
76 35 52 63 26 51 76 47 85 48 33) 75) (G399 (81 79 77 1 48 23 62 26 26 84 0 39 
83 64 50) 72) (G398 (35 29 32 22 99 73 66 98 33 22 99 91 79 34 25) 69) (G397 (24
59 31 86 44 75 21 63 44 9 23 22 44 6 98) 66) (G396 (25 26 45 52 65 9 67 55 61 14
34 78 17 91 33) 63) (G395 (57 86 73 29 39 2 91 66 0 96 76 90 2 57 80) 60) (G394 
(0 99 3 69 63 14 52 80 29 84 20 2 23 55 93) 57) (G393 (30 96 5 72 39 7 65 62 23 
40 34 68 39 66 91) 54) (G392 (42 70 73 99 47 50 66 73 8 52 38 59 1 82 43) 51) (
G391 (41 4 47 53 88 25 87 57 61 82 28 69 6 85 44) 48) (G390 (85 4 55 88 35 28 22
9 97 1 24 90 91 98 59) 45) (G389 (42 1 1 48 56 45 21 32 35 60 98 19 3 17 50) 42)
(G388 (1 38 67 41 78 87 17 23 28 57 37 15 53 76 9) 39) (G387 (58 46 35 50 4 27 
39 24 2 14 85 59 49 22 64) 36) (G386 (69 43 71 81 4 35 19 32 14 19 36 12 87 88 
69) 33) (G385 (60 25 45 54 98 58 28 39 79 0 94 3 57 87 78) 30) (G384 (6 48 10 41
5 72 48 27 31 40 97 56 76 60 24) 27) (G383 (49 22 51 23 62 78 89 15 65 26 32 11 
10 91 0) 24) (G382 (94 30 13 89 2 58 44 78 50 87 53 46 40 8 75) 21) (G381 (50 46
85 39 21 84 47 54 64 23 2 89 25 19 37) 18) (G380 (1 14 64 46 5 12 98 7 75 15 17 
14 77 73 21) 15) (G379 (9 16 41 53 8 44 94 97 8 57 57 87 33 95 70) 12) (G378 (8 
31 81 53 93 55 56 42 41 59 42 57 89 32 87) 9) (G377 (5 0 61 83 90 98 41 17 4 28 
97 58 13 99 25) 6) (G376 (5 6 84 81 74 15 85 78 30 39 83 57 14 98 6) 3) (G375 (
59 66 32 70 97 11 33 23 5 8 27 95 77 87 60) 0))
The solved list:  ((G406 (29 35 89 19 13 53 51 15 15 57 79 93 17 3 25)) (G405 (
57 23 71 41 87 33 37 75 81 87 71 9 9 33 41)) (G404 (9 51 11 53 59 85 27 33 17 75
97 11 7 41 43)) (G403 (91 85 21 23 35 67 81 65 63 67 97 55 17 79 83)) (G402 (7 
85 55 13 5 93 11 67 15 85 65 21 99 99 25)) (G401 (53 47 67 7 31 63 69 59 7 3 93 
17 33 59 55)) (G400 (9 11 71 5 77 35 53 63 27 51 77 47 85 49 33)) (G399 (81 79 
77 1 49 23 63 27 27 85 1 39 83 65 51)) (G398 (35 29 33 23 99 73 67 99 33 23 99 
91 79 35 25)) (G397 (25 59 31 87 45 75 21 63 45 9 23 23 45 7 99)) (G396 (25 27 
45 53 65 9 67 55 61 15 35 79 17 91 33)) (G395 (57 87 73 29 39 3 91 67 1 97 77 91
3 57 81)) (G394 (1 99 3 69 63 15 53 81 29 85 21 3 23 55 93)) (G393 (31 97 5 73 
39 7 65 63 23 41 35 69 39 67 91)) (G392 (43 71 73 99 47 51 67 73 9 53 39 59 1 83
43)) (G391 (41 5 47 53 89 25 87 57 61 83 29 69 7 85 45)) (G390 (85 5 55 89 35 29
23 9 97 1 25 91 91 99 59)) (G389 (43 1 1 49 57 45 21 33 35 61 99 19 3 17 51)) (
G388 (1 39 67 41 79 87 17 23 29 57 37 15 53 77 9)) (G387 (59 47 35 51 5 27 39 25
3 15 85 59 49 23 65)) (G386 (69 43 71 81 5 35 19 33 15 19 37 13 87 89 69)) (G385
(61 25 45 55 99 59 29 39 79 1 95 3 57 87 79)) (G384 (7 49 11 41 5 73 49 27 31 41
97 57 77 61 25)) (G383 (49 23 51 23 63 79 89 15 65 27 33 11 11 91 1)) (G382 (95 
31 13 89 3 59 45 79 51 87 53 47 41 9 75)) (G381 (51 47 85 39 21 85 47 55 65 23 3
89 25 19 37)) (G380 (1 15 65 47 5 13 99 7 75 15 17 15 77 73 21)) (G379 (9 17 41 
53 9 45 95 97 9 57 57 87 33 95 71)) (G378 (9 31 81 53 93 55 57 43 41 59 43 57 89
33 87)) (G377 (5 1 61 83 91 99 41 17 5 29 97 59 13 99 25)) (G376 (5 7 85 81 75 
15 85 79 31 39 83 57 15 99 7)) (G375 (59 67 33 71 97 11 33 23 5 9 27 95 77 87 61
)))
Avg. turnaround time: 6
ThruPut: 0.333333333333333
