
The arrived list: ((G91 (86 44 6 71 40 24 41 8 86 29 5 34 47 8 92) 99) (G90 (49 
57 9 68 48 97 6 2 47 61 60 79 10 20 5) 96) (G89 (53 41 32 86 40 9 91 8 81 30 4 
74 52 60 35) 93) (G88 (89 66 74 75 53 86 96 77 22 20 79 26 36 66 60) 90) (G87 (
53 22 29 63 89 40 63 98 86 25 51 22 12 65 21) 87) (G86 (0 19 94 22 74 32 13 69 
39 30 6 45 91 87 59) 84) (G85 (4 30 63 20 55 68 2 22 55 3 41 41 67 53 84) 81) (
G84 (15 16 78 28 21 40 49 86 13 63 17 25 47 84 76) 78) (G83 (75 5 38 40 27 81 89
11 46 15 93 3 52 5 80) 75) (G82 (56 91 47 83 10 41 69 49 74 57 66 45 63 53 39) 
72) (G81 (60 19 15 21 47 39 84 76 40 49 26 49 15 23 72) 69) (G80 (10 68 13 45 71
24 26 78 16 19 97 99 90 19 9) 66) (G79 (3 32 27 33 11 39 95 29 34 42 77 63 36 92
86) 63) (G78 (50 20 72 40 77 31 24 40 2 49 86 9 92 80 19) 60) (G77 (54 66 85 75 
64 15 83 35 40 64 17 82 53 85 89) 57) (G76 (89 11 7 56 19 90 56 31 32 21 94 91 
49 75 41) 54) (G75 (34 88 41 66 22 17 1 85 27 43 26 73 33 78 76) 51) (G74 (25 69
12 94 83 23 32 98 79 7 70 67 92 13 98) 48) (G73 (21 67 23 40 93 55 58 41 7 52 48
13 22 8 84) 45) (G72 (0 40 96 74 85 15 23 8 72 43 3 51 85 77 5) 42) (G71 (47 77 
84 52 65 30 35 48 8 6 81 61 14 10 44) 39) (G70 (86 66 75 76 23 10 8 78 64 45 95 
64 50 55 7) 36) (G69 (31 4 92 40 83 74 36 95 18 85 96 78 45 33 12) 33) (G68 (52 
96 73 70 52 95 60 77 87 71 68 44 73 23 76) 30) (G67 (97 51 73 3 9 79 16 98 62 96
76 64 57 89 55) 27) (G66 (88 18 95 75 39 9 98 13 82 35 56 53 38 90 73) 24) (G65 
(67 64 22 72 28 40 74 45 46 75 12 91 51 9 53) 21) (G64 (99 26 15 44 19 7 67 62 
24 60 18 12 63 80 56) 18) (G63 (43 69 83 36 34 63 44 10 17 68 96 67 79 9 83) 15)
(G62 (94 75 7 21 14 72 78 73 56 78 23 20 79 32 64) 12) (G61 (9 16 76 23 58 77 15
73 67 21 33 13 79 89 48) 9) (G60 (94 69 92 99 82 50 30 85 57 37 85 14 33 49 41) 
6) (G59 (93 95 50 23 24 19 98 27 43 42 76 52 18 40 76) 3) (G58 (78 23 23 26 49 
76 21 59 34 26 3 74 15 80 84) 0))
The solved list:  ((G89 (53 41 33 87 41 9 91 9 81 31 5 75 53 61 35)) (G88 (89 67
75 75 53 87 97 77 23 21 79 27 37 67 61)) (G87 (53 23 29 63 89 41 63 99 87 25 51 
23 13 65 21)) (G86 (1 19 95 23 75 33 13 69 39 31 7 45 91 87 59)) (G85 (5 31 63 
21 55 69 3 23 55 3 41 41 67 53 85)) (G84 (15 17 79 29 21 41 49 87 13 63 17 25 47
85 77)) (G83 (75 5 39 41 27 81 89 11 47 15 93 3 53 5 81)) (G82 (57 91 47 83 11 
41 69 49 75 57 67 45 63 53 39)) (G81 (61 19 15 21 47 39 85 77 41 49 27 49 15 23 
73)) (G80 (11 69 13 45 71 25 27 79 17 19 97 99 91 19 9)) (G79 (3 33 27 33 11 39 
95 29 35 43 77 63 37 93 87)) (G78 (51 21 73 41 77 31 25 41 3 49 87 9 93 81 19)) 
(G77 (55 67 85 75 65 15 83 35 41 65 17 83 53 85 89)) (G76 (89 11 7 57 19 91 57 
31 33 21 95 91 49 75 41)) (G75 (35 89 41 67 23 17 1 85 27 43 27 73 33 79 77)) (
G74 (25 69 13 95 83 23 33 99 79 7 71 67 93 13 99)) (G73 (21 67 23 41 93 55 59 41
7 53 49 13 23 9 85)) (G72 (1 41 97 75 85 15 23 9 73 43 3 51 85 77 5)) (G71 (47 
77 85 53 65 31 35 49 9 7 81 61 15 11 45)) (G70 (87 67 75 77 23 11 9 79 65 45 95 
65 51 55 7)) (G69 (31 5 93 41 83 75 37 95 19 85 97 79 45 33 13)) (G68 (53 97 73 
71 53 95 61 77 87 71 69 45 73 23 77)) (G67 (97 51 73 3 9 79 17 99 63 97 77 65 57
89 55)) (G66 (89 19 95 75 39 9 99 13 83 35 57 53 39 91 73)) (G65 (67 65 23 73 29
41 75 45 47 75 13 91 51 9 53)) (G64 (99 27 15 45 19 7 67 63 25 61 19 13 63 81 57
)) (G63 (43 69 83 37 35 63 45 11 17 69 97 67 79 9 83)) (G62 (95 75 7 21 15 73 79
73 57 79 23 21 79 33 65)) (G61 (9 17 77 23 59 77 15 73 67 21 33 13 79 89 49)) (
G60 (95 69 93 99 83 51 31 85 57 37 85 15 33 49 41)) (G59 (93 95 51 23 25 19 99 
27 43 43 77 53 19 41 77)) (G58 (79 23 23 27 49 77 21 59 35 27 3 75 15 81 85)))
Avg. turnaround time: 7
ThruPut: 0.333333333333333
