
The arrived list: ((G265 (29 52 83 20 25 62 70 19 64 99 37 6 96 91 81) 99) (G264
(45 13 55 31 56 35 83 58 23 0 24 23 26 18 48) 96) (G263 (61 9 90 35 28 22 98 71 
39 64 27 49 65 13 94) 93) (G262 (1 80 20 17 70 84 16 61 87 50 87 4 5 62 51) 90) 
(G261 (37 83 33 37 55 37 72 18 94 87 20 72 53 58 54) 87) (G260 (41 32 49 93 50 
40 50 28 50 66 19 82 65 24 96) 84) (G259 (79 69 12 6 7 35 48 77 69 15 76 14 43 
79 73) 81) (G258 (36 34 16 97 57 22 37 56 32 2 15 63 97 10 35) 78) (G257 (86 55 
14 81 34 97 14 50 45 61 61 29 66 68 3) 75) (G256 (5 13 68 37 99 83 30 87 46 52 
50 50 86 95 47) 72) (G255 (83 2 60 52 71 34 32 96 34 61 46 50 23 50 83) 69) (
G254 (39 74 58 50 94 98 93 77 10 79 69 65 74 81 17) 66) (G253 (57 86 30 62 73 85
12 1 42 27 42 61 63 80 27) 63) (G252 (71 15 91 40 58 49 92 57 70 58 48 96 99 65 
61) 60) (G251 (49 82 22 33 15 31 11 74 13 59 91 42 18 78 30) 57) (G250 (48 63 14
9 18 25 5 80 88 53 63 97 8 64 36) 54) (G249 (33 24 1 43 72 7 14 90 63 62 97 87 
33 77 68) 51) (G248 (46 39 73 67 5 50 87 25 57 49 50 93 9 87 82) 48) (G247 (11 
77 17 30 79 73 19 61 55 40 57 73 20 21 70) 45) (G246 (42 42 66 40 90 25 25 31 97
41 28 4 13 38 29) 42) (G245 (14 15 6 32 92 31 59 52 3 83 5 97 80 81 84) 39) (
G244 (69 92 98 33 84 74 33 40 43 44 86 34 37 53 72) 36) (G243 (96 50 71 29 54 97
61 21 29 53 62 90 9 3 97) 33) (G242 (38 67 70 52 42 51 23 86 11 54 17 23 98 5 5)
30) (G241 (12 25 75 36 79 80 32 31 18 6 42 30 98 95 45) 27) (G240 (69 34 30 61 
28 42 27 19 22 38 6 71 89 9 86) 24) (G239 (15 76 25 42 32 46 56 94 95 36 96 14 
81 81 34) 21) (G238 (50 92 17 52 79 82 60 17 69 16 31 6 74 70 62) 18) (G237 (76 
13 16 55 75 23 38 54 12 43 71 22 41 97 23) 15) (G236 (43 94 4 24 77 95 28 56 18 
97 39 4 51 23 67) 12) (G235 (64 20 21 82 70 91 22 91 0 68 56 5 15 11 21) 9) (
G234 (70 66 25 2 1 84 12 68 41 70 52 10 72 35 69) 6) (G233 (35 32 50 66 15 29 13
8 51 98 0 65 90 80 12) 3) (G232 (28 42 40 56 16 58 33 34 80 40 70 39 69 21 80) 0
))
The solved list:  ((G263 (61 9 91 35 29 23 99 71 39 65 27 49 65 13 95)) (G262 (1
81 21 17 71 85 17 61 87 51 87 5 5 63 51)) (G261 (37 83 33 37 55 37 73 19 95 87 
21 73 53 59 55)) (G260 (41 33 49 93 51 41 51 29 51 67 19 83 65 25 97)) (G259 (79
69 13 7 7 35 49 77 69 15 77 15 43 79 73)) (G258 (37 35 17 97 57 23 37 57 33 3 15
63 97 11 35)) (G257 (87 55 15 81 35 97 15 51 45 61 61 29 67 69 3)) (G256 (5 13 
69 37 99 83 31 87 47 53 51 51 87 95 47)) (G255 (83 3 61 53 71 35 33 97 35 61 47 
51 23 51 83)) (G254 (39 75 59 51 95 99 93 77 11 79 69 65 75 81 17)) (G253 (57 87
31 63 73 85 13 1 43 27 43 61 63 81 27)) (G252 (71 15 91 41 59 49 93 57 71 59 49 
97 99 65 61)) (G251 (49 83 23 33 15 31 11 75 13 59 91 43 19 79 31)) (G250 (49 63
15 9 19 25 5 81 89 53 63 97 9 65 37)) (G249 (33 25 1 43 73 7 15 91 63 63 97 87 
33 77 69)) (G248 (47 39 73 67 5 51 87 25 57 49 51 93 9 87 83)) (G247 (11 77 17 
31 79 73 19 61 55 41 57 73 21 21 71)) (G246 (43 43 67 41 91 25 25 31 97 41 29 5 
13 39 29)) (G245 (15 15 7 33 93 31 59 53 3 83 5 97 81 81 85)) (G244 (69 93 99 33
85 75 33 41 43 45 87 35 37 53 73)) (G243 (97 51 71 29 55 97 61 21 29 53 63 91 9 
3 97)) (G242 (39 67 71 53 43 51 23 87 11 55 17 23 99 5 5)) (G241 (13 25 75 37 79
81 33 31 19 7 43 31 99 95 45)) (G240 (69 35 31 61 29 43 27 19 23 39 7 71 89 9 87
)) (G239 (15 77 25 43 33 47 57 95 95 37 97 15 81 81 35)) (G238 (51 93 17 53 79 
83 61 17 69 17 31 7 75 71 63)) (G237 (77 13 17 55 75 23 39 55 13 43 71 23 41 97 
23)) (G236 (43 95 5 25 77 95 29 57 19 97 39 5 51 23 67)) (G235 (65 21 21 83 71 
91 23 91 1 69 57 5 15 11 21)) (G234 (71 67 25 3 1 85 13 69 41 71 53 11 73 35 69)
) (G233 (35 33 51 67 15 29 13 9 51 99 1 65 91 81 13)) (G232 (29 43 41 57 17 59 
33 35 81 41 71 39 69 21 81)))
Avg. turnaround time: 7
ThruPut: 0.333333333333333
