
The arrived list: ((G141 (33 4 82 60 29) 99) (G140 (37 26 4 57 76) 96) (G139 (17
25 27 35 7) 93) (G138 (90 45 29 60 91) 90) (G137 (63 36 55 95 23) 87) (G136 (50 
80 7 34 36) 84) (G135 (95 16 4 48 59) 81) (G134 (57 13 8 43 12) 78) (G133 (87 44
88 1 23) 75) (G132 (86 91 83 96 58) 72) (G131 (77 32 90 59 97) 69) (G130 (2 40 
48 83 33) 66) (G129 (87 3 6 33 57) 63) (G128 (72 77 48 0 73) 60) (G127 (3 66 22 
31 53) 57) (G126 (5 13 98 52 56) 54) (G125 (6 37 41 42 48) 51) (G124 (94 12 97 
70 95) 48) (G123 (53 40 67 86 36) 45) (G122 (55 38 15 82 57) 42) (G121 (23 29 16
1 84) 39) (G120 (86 55 57 34 43) 36) (G119 (87 68 9 52 1) 33) (G118 (2 68 90 7 
54) 30) (G117 (80 46 52 39 74) 27) (G116 (14 29 41 24 12) 24) (G115 (91 20 48 58
85) 21) (G114 (74 51 15 89 81) 18) (G113 (7 31 61 84 14) 15) (G112 (81 90 24 4 
16) 12) (G111 (94 98 14 8 62) 9) (G110 (93 6 46 52 31) 6) (G109 (95 52 75 17 65)
3) (G108 (34 65 70 52 60) 0))
The solved list:  ((G139 (17 25 27 35 7)) (G138 (91 45 29 61 91)) (G137 (63 37 
55 95 23)) (G136 (51 81 7 35 37)) (G135 (95 17 5 49 59)) (G134 (57 13 9 43 13)) 
(G133 (87 45 89 1 23)) (G132 (87 91 83 97 59)) (G131 (77 33 91 59 97)) (G130 (3 
41 49 83 33)) (G129 (87 3 7 33 57)) (G128 (73 77 49 1 73)) (G127 (3 67 23 31 53)
) (G126 (5 13 99 53 57)) (G125 (7 37 41 43 49)) (G124 (95 13 97 71 95)) (G123 (
53 41 67 87 37)) (G122 (55 39 15 83 57)) (G121 (23 29 17 1 85)) (G120 (87 55 57 
35 43)) (G119 (87 69 9 53 1)) (G118 (3 69 91 7 55)) (G117 (81 47 53 39 75)) (
G116 (15 29 41 25 13)) (G115 (91 21 49 59 85)) (G114 (75 51 15 89 81)) (G113 (7 
31 61 85 15)) (G112 (81 91 25 5 17)) (G111 (95 99 15 9 63)) (G110 (93 7 47 53 31
)) (G109 (95 53 75 17 65)) (G108 (35 65 71 53 61)))
Avg. turnaround time: 6
ThruPut: 0.333333333333333
