
The arrived list: ((G407 (22 6 20 32 50 82 39 86 43 70 53 34 20 1 37) 99) (G406 
(1 59 23 40 21 99 4 18 59 92 26 32 67 76 58) 96) (G405 (53 50 14 15 57 79 93 16 
2 25 87 96 98 12 3) 93) (G404 (33 37 74 81 87 70 8 8 32 40 28 35 88 18 12) 90) (
G403 (84 26 32 16 74 97 10 6 41 43 57 23 71 40 87) 87) (G402 (67 80 64 62 66 97 
54 16 78 83 8 50 11 52 59) 84) (G401 (92 10 67 14 85 64 21 98 98 24 90 85 20 23 
35) 81) (G400 (63 68 59 7 3 93 17 32 59 55 7 85 54 12 4) 78) (G399 (35 52 63 26 
51 76 47 85 48 33 53 47 67 7 31) 75) (G398 (23 62 26 26 84 0 39 83 64 50 8 11 70
4 76) 72) (G397 (73 66 98 33 22 99 91 79 34 25 81 79 77 1 48) 69) (G396 (75 21 
63 44 9 23 22 44 6 98 35 29 32 22 99) 66) (G395 (9 67 55 61 14 34 78 17 91 33 24
59 31 86 44) 63) (G394 (2 91 66 0 96 76 90 2 57 80 25 26 45 52 65) 60) (G393 (14
52 80 29 84 20 2 23 55 93 57 86 73 29 39) 57) (G392 (7 65 62 23 40 34 68 39 66 
91 0 99 3 69 63) 54) (G391 (50 66 73 8 52 38 59 1 82 43 30 96 5 72 39) 51) (G390
(25 87 57 61 82 28 69 6 85 44 42 70 73 99 47) 48) (G389 (28 22 9 97 1 24 90 91 
98 59 41 4 47 53 88) 45) (G388 (45 21 32 35 60 98 19 3 17 50 85 4 55 88 35) 42) 
(G387 (87 17 23 28 57 37 15 53 76 9 42 1 1 48 56) 39) (G386 (27 39 24 2 14 85 59
49 22 64 1 38 67 41 78) 36) (G385 (35 19 32 14 19 36 12 87 88 69 58 46 35 50 4) 
33) (G384 (58 28 39 79 0 94 3 57 87 78 69 43 71 81 4) 30) (G383 (72 48 27 31 40 
97 56 76 60 24 60 25 45 54 98) 27) (G382 (78 89 15 65 26 32 11 10 91 0 6 48 10 
41 5) 24) (G381 (58 44 78 50 87 53 46 40 8 75 49 22 51 23 62) 21) (G380 (84 47 
54 64 23 2 89 25 19 37 94 30 13 89 2) 18) (G379 (12 98 7 75 15 17 14 77 73 21 50
46 85 39 21) 15) (G378 (44 94 97 8 57 57 87 33 95 70 1 14 64 46 5) 12) (G377 (55
56 42 41 59 42 57 89 32 87 9 16 41 53 8) 9) (G376 (98 41 17 4 28 97 58 13 99 25 
8 31 81 53 93) 6) (G375 (15 85 78 30 39 83 57 14 98 6 5 0 61 83 90) 3) (G374 (11
33 23 5 8 27 95 77 87 60 5 6 84 81 74) 0))
The solved list:  ((G404 (33 37 75 81 87 71 9 9 33 41 29 35 89 19 13)) (G402 (67
81 65 63 67 97 55 17 79 83 9 51 11 53 59)) (G400 (63 69 59 7 3 93 17 33 59 55 7 
85 55 13 5)) (G398 (23 63 27 27 85 1 39 83 65 51 9 11 71 5 77)) (G396 (75 21 63 
45 9 23 23 45 7 99 35 29 33 23 99)) (G394 (3 91 67 1 97 77 91 3 57 81 25 27 45 
53 65)) (G392 (7 65 63 23 41 35 69 39 67 91 1 99 3 69 63)) (G390 (25 87 57 61 83
29 69 7 85 45 43 71 73 99 47)) (G388 (45 21 33 35 61 99 19 3 17 51 85 5 55 89 35
)) (G386 (27 39 25 3 15 85 59 49 23 65 1 39 67 41 79)) (G384 (59 29 39 79 1 95 3
57 87 79 69 43 71 81 5)) (G382 (79 89 15 65 27 33 11 11 91 1 7 49 11 41 5)) (
G380 (85 47 55 65 23 3 89 25 19 37 95 31 13 89 3)) (G378 (45 95 97 9 57 57 87 33
95 71 1 15 65 47 5)) (G376 (99 41 17 5 29 97 59 13 99 25 9 31 81 53 93)) (G374 (
11 33 23 5 9 27 95 77 87 61 5 7 85 81 75)))
Avg. turnaround time: 6
ThruPut: 0.161290322580645
