
The arrived list: ((G49 (72 67 21 42 33) 99) (G48 (14 13 96 91 28) 96) (G47 (62 
6 20 65 9) 93) (G46 (49 58 27 10 53) 90) (G45 (29 75 75 57 23) 87) (G44 (10 79 
87 41 15) 84) (G43 (26 19 51 82 1) 81) (G42 (11 22 3 23 3) 78) (G41 (50 65 43 50
28) 75) (G40 (53 40 94 56 53) 72) (G39 (61 3 1 44 92) 69) (G38 (93 94 12 95 19) 
66) (G37 (29 59 2 78 14) 63) (G36 (2 79 68 82 1) 60) (G35 (75 29 36 86 11) 57) (
G34 (8 92 63 53 43) 54) (G33 (30 21 7 89 19) 51) (G32 (27 22 47 41 26) 48) (G31 
(0 39 35 30 93) 45) (G30 (66 73 54 6 84) 42) (G29 (49 80 53 19 33) 39) (G28 (47 
69 10 13 95) 36) (G27 (9 7 94 82 45) 33) (G26 (96 6 63 56 73) 30) (G25 (2 82 92 
17 6) 27) (G24 (82 82 52 4 37) 24) (G23 (51 88 9 81 24) 21) (G22 (81 65 10 51 92
) 18) (G21 (28 97 89 73 27) 15) (G20 (84 36 94 50 54) 12) (G19 (96 40 37 66 8) 9
) (G18 (35 14 17 60 82) 6) (G17 (75 19 86 41 80) 3) (G16 (46 79 94 75 49) 0))
The solved list:  ((G47 (63 7 21 65 9)) (G46 (49 59 27 11 53)) (G45 (29 75 75 57
23)) (G44 (11 79 87 41 15)) (G43 (27 19 51 83 1)) (G42 (11 23 3 23 3)) (G41 (51 
65 43 51 29)) (G40 (53 41 95 57 53)) (G39 (61 3 1 45 93)) (G38 (93 95 13 95 19))
(G37 (29 59 3 79 15)) (G36 (3 79 69 83 1)) (G35 (75 29 37 87 11)) (G34 (9 93 63 
53 43)) (G33 (31 21 7 89 19)) (G32 (27 23 47 41 27)) (G31 (1 39 35 31 93)) (G30 
(67 73 55 7 85)) (G29 (49 81 53 19 33)) (G28 (47 69 11 13 95)) (G27 (9 7 95 83 
45)) (G26 (97 7 63 57 73)) (G25 (3 83 93 17 7)) (G24 (83 83 53 5 37)) (G23 (51 
89 9 81 25)) (G22 (81 65 11 51 93)) (G21 (29 97 89 73 27)) (G20 (85 37 95 51 55)
) (G19 (97 41 37 67 9)) (G18 (35 15 17 61 83)) (G17 (75 19 87 41 81)) (G16 (47 
79 95 75 49)))
Avg. turnaround time: 6
ThruPut: 0.333333333333333
