
The arrived list: ((G365 (59 66 32 70 97) 99) (G364 (95 74 3 77 14) 96) (G363 (
48 71 7 64 26) 93) (G362 (40 69 73 33 62) 90) (G361 (88 60 42 6 77) 87) (G360 (
54 40 5 10 22) 84) (G359 (75 10 68 12 35) 81) (G358 (20 95 58 23 0) 78) (G357 (
98 88 26 26 66) 75) (G356 (68 64 52 8 58) 72) (G355 (91 94 66 90 67) 69) (G354 (
36 0 80 74 15) 66) (G353 (22 22 42 72 65) 63) (G352 (8 78 88 35 22) 60) (G351 (
72 82 79 26 91) 57) (G350 (15 50 88 69 92) 54) (G349 (24 77 66 70 28) 51) (G348 
(64 88 77 99 94) 48) (G347 (34 3 91 43 7) 45) (G346 (71 18 91 15 78) 42) (G345 (
56 49 46 82 97) 39) (G344 (17 67 38 47 91) 36) (G343 (97 68 30 64 41) 33) (G342 
(40 90 0 64 76) 30) (G341 (73 80 88 62 30) 27) (G340 (85 89 91 64 2) 24) (G339 (
96 17 53 69 42) 21) (G338 (62 91 80 15 84) 18) (G337 (2 67 21 11 59) 15) (G336 (
91 7 11 65 20) 12) (G335 (46 49 79 51 43) 9) (G334 (72 63 54 74 30) 6) (G333 (2 
4 24 58 73) 3) (G332 (66 6 1 80 29) 0))
The solved list:  ((G363 (49 71 7 65 27)) (G362 (41 69 73 33 63)) (G361 (89 61 
43 7 77)) (G360 (55 41 5 11 23)) (G359 (75 11 69 13 35)) (G358 (21 95 59 23 1)) 
(G357 (99 89 27 27 67)) (G356 (69 65 53 9 59)) (G355 (91 95 67 91 67)) (G354 (37
1 81 75 15)) (G353 (23 23 43 73 65)) (G352 (9 79 89 35 23)) (G351 (73 83 79 27 
91)) (G350 (15 51 89 69 93)) (G349 (25 77 67 71 29)) (G348 (65 89 77 99 95)) (
G347 (35 3 91 43 7)) (G346 (71 19 91 15 79)) (G345 (57 49 47 83 97)) (G344 (17 
67 39 47 91)) (G343 (97 69 31 65 41)) (G342 (41 91 1 65 77)) (G341 (73 81 89 63 
31)) (G340 (85 89 91 65 3)) (G339 (97 17 53 69 43)) (G338 (63 91 81 15 85)) (
G337 (3 67 21 11 59)) (G336 (91 7 11 65 21)) (G335 (47 49 79 51 43)) (G334 (73 
63 55 75 31)) (G333 (3 5 25 59 73)) (G332 (67 7 1 81 29)))
Avg. turnaround time: 6
ThruPut: 0.333333333333333
